[2017-09-27 16:56:11.174] Irms=346 median=341 filtered=343 filtered_median=339 cZero=-272189
[2017-09-27 16:56:11.190] Current: -290 -293 -286 -278 -277 -260 -240 -232 -229 -235 -224 -216 -207 -200 -204 -205 -195 -189 -187 -178 -173 -168 -169 -161 -168 -164 -164 -154 -157 -161 -159 -162 -157 -166 -166 -166 -166 -172 -176 -178 -180 -187 -201 -221 -221 -220 -229 -241 -239 -246 -251 -261 -257 -263 -274 -287 -306 -312 -319 -320 -326 -338 -349 -345 -353 -356 -358 -367 -372 -373 -378 -385 -384 -384 -388 -385 -392 -393 -394 -390 -387 -384 -387 -384 -379 -376 -372 -379 -373 -367 -364 -354 -336 -326 -328 -324 -320 -314 -306 -303 
[2017-09-27 16:56:11.327] Filtered: -290 -290 -286 -278 -277 -260 -240 -235 -232 -229 -224 -216 -207 -205 -204 -200 -195 -189 -187 -178 -173 -169 -168 -168 -164 -164 -162 -161 -161 -162 -162 -162 -162 -166 -166 -166 -166 -172 -176 -178 -180 -187 -201 -220 -221 -221 -229 -239 -241 -246 -251 -257 -261 -263 -274 -287 -306 -312 -319 -320 -326 -338 -345 -349 -353 -356 -358 -367 -372 -373 -378 -384 -384 -385 -385 -387 -387 -387 -387 -387 -387 -387 -384 -384 -379 -379 -376 -373 -372 -367 -364 -354 -336 -328 -326 -324 -320 -314 -306 -303 
[2017-09-27 16:56:16.998] [cs_MeshControl.cpp             : 55   ] Process incoming mesh message 268452
[2017-09-27 16:56:29.467] [cs_MeshControl.cpp             : 55   ] Process incoming mesh message 268453
[2017-09-27 16:56:35.902] [cs_FactoryReset.cpp            : 49   ] recovery period expired.
[2017-09-27 16:56:41.772] Irms=348 median=343 filtered=346 filtered_median=341 cZero=-266637
[2017-09-27 16:56:41.790] Current: -288 -285 -279 -273 -270 -265 -258 -241 -224 -220 -226 -224 -218 -204 -195 -198 -193 -193 -180 -175 -172 -168 -166 -157 -156 -155 -155 -158 -150 -145 -149 -152 -152 -152 -161 -157 -165 -163 -163 -167 -169 -175 -180 -190 -202 -212 -213 -218 -227 -230 -235 -236 -249 -251 -256 -271 -272 -288 -308 -314 -310 -315 -326 -337 -341 -341 -344 -354 -358 -355 -368 -368 -376 -378 -379 -384 -379 -375 -383 -388 -384 -380 -383 -382 -383 -375 -377 -369 -368 -360 -365 -358 -354 -336 -332 -324 -318 -319 -315 -303 
[2017-09-27 16:56:41.926] Filtered: -288 -285 -279 -273 -270 -265 -258 -241 -226 -224 -224 -220 -218 -204 -198 -195 -193 -193 -180 -175 -172 -168 -166 -158 -157 -156 -155 -155 -152 -152 -152 -152 -152 -152 -157 -161 -163 -163 -165 -167 -169 -175 -180 -190 -202 -212 -213 -218 -227 -230 -235 -236 -249 -251 -256 -271 -272 -288 -308 -310 -314 -315 -326 -337 -341 -341 -344 -354 -355 -358 -368 -368 -375 -376 -378 -379 -379 -380 -382 -383 -383 -382 -382 -382 -380 -377 -375 -369 -368 -365 -360 -358 -354 -336 -332 -324 -319 -318 -315 -303 
[2017-09-27 16:56:42.150] [cs_Mesh.cpp                    : 231  ] Mesh send: handle=2 length=92, max=92
[2017-09-27 16:56:59.800] [cs_MeshControl.cpp             : 55   ] Process incoming mesh message 268455
[2017-09-27 16:57:02.283] [cs_MeshControl.cpp             : 55   ] Process incoming mesh message 268456
[2017-09-27 16:57:12.350] Irms=345 median=345 filtered=347 filtered_median=343 cZero=-266051
[2017-09-27 16:57:12.367] Current: -185 -199 -218 -219 -228 -232 -237 -240 -249 -252 -260 -267 -280 -286 -289 -301 -321 -330 -326 -323 -330 -345 -351 -353 -353 -363 -365 -368 -374 -385 -383 -384 -388 -395 -389 -390 -392 -401 -396 -392 -388 -388 -384 -387 -384 -376 -376 -371 -368 -368 -366 -350 -336 -329 -331 -325 -318 -312 -309 -304 -298 -291 -284 -277 -269 -255 -239 -230 -234 -241 -225 -217 -211 -214 -203 -201 -196 -193 -184 -182 -177 -174 -168 -169 -169 -163 -163 -159 -158 -167 -164 -162 -167 -169 -170 -172 -168 -176 -264 -312 
[2017-09-27 16:57:12.504] Filtered: -185 -199 -218 -219 -228 -232 -237 -240 -249 -252 -260 -267 -280 -286 -289 -301 -321 -323 -326 -330 -330 -345 -351 -353 -353 -363 -365 -368 -374 -383 -384 -385 -388 -389 -390 -390 -390 -390 -390 -389 -388 -388 -387 -384 -384 -376 -376 -371 -368 -368 -366 -350 -336 -331 -329 -325 -318 -312 -309 -304 -298 -291 -284 -277 -269 -255 -241 -239 -234 -230 -225 -217 -214 -211 -203 -201 -196 -193 -184 -182 -177 -174 -169 -169 -168 -167 -164 -164 -164 -164 -164 -167 -167 -168 -169 -169 -169 -169 -169 -168 
[2017-09-27 16:57:20.851] [cs_MeshControl.cpp             : 55   ] Process incoming mesh message 268457
[2017-09-27 16:57:37.823] [cs_MeshControl.cpp             : 55   ] Process incoming mesh message 268458
[2017-09-27 16:57:42.811] Irms=348 median=347 filtered=346 filtered_median=346 cZero=-268420
[2017-09-27 16:57:42.828] Current: -168 -168 -173 -177 -179 -183 -201 -214 -223 -231 -224 -235 -239 -251 -251 -252 -265 -276 -281 -284 -303 -323 -325 -316 -322 -328 -340 -352 -348 -358 -360 -366 -368 -374 -380 -384 -383 -385 -396 -388 -385 -393 -395 -395 -392 -388 -383 -388 -386 -377 -378 -375 -367 -370 -371 -363 -343 -336 -329 -329 -326 -311 -313 -304 -299 -299 -297 -293 -276 -272 -257 -235 -234 -239 -237 -220 -215 -207 -204 -205 -195 -193 -192 -183 -181 -177 -170 -166 -164 -169 -167 -158 -152 -156 -162 -157 -163 -164 -159 -167 
[2017-09-27 16:57:42.965] Filtered: -168 -168 -173 -177 -179 -183 -201 -214 -223 -224 -231 -235 -239 -251 -251 -252 -265 -276 -281 -284 -303 -316 -322 -323 -325 -328 -340 -348 -352 -358 -360 -366 -368 -374 -380 -383 -384 -385 -385 -388 -388 -388 -388 -388 -388 -388 -388 -386 -383 -378 -377 -375 -371 -370 -367 -363 -343 -336 -329 -329 -326 -313 -311 -304 -299 -299 -297 -293 -276 -272 -257 -239 -237 -235 -234 -220 -215 -207 -205 -204 -195 -193 -192 -183 -181 -177 -170 -169 -167 -166 -164 -163 -163 -162 -162 -159 -158 -157 -157 -157 
[2017-09-27 16:57:43.855] Irms=1285 median=348 filtered=1263 filtered_median=347 cZero=-290821
[2017-09-27 16:57:43.873] Current: -126 -132 -136 -149 -161 -173 -180 -183 -182 -196 -753 -779 -783 -799 -755 -626 -721 -696 -715 -725 -699 -727 -731 -753 -697 -692 -697 -728 -724 -741 -742 -687 -687 -706 -729 -675 -681 -687 -741 -682 -703 -736 -712 -709 -717 -623 -693 -647 -715 -652 -678 -677 -645 -638 -621 -579 -593 -566 -543 -521 -504 -501 -495 -574 -467 -489 -456 -443 -444 -456 -458 -472 -476 -513 -454 -498 -422 -440 -460 -449 -495 -389 -498 -378 -415 -410 -444 -483 -464 -443 -393 -387 -426 -403 -381 -400 -406 -402 -339 -385 
[2017-09-27 16:57:44.009] Filtered: -126 -132 -136 -149 -161 -173 -180 -182 -183 -196 -626 -721 -721 -721 -725 -725 -725 -725 -725 -721 -715 -715 -715 -724 -725 -727 -727 -724 -706 -706 -706 -706 -706 -706 -687 -687 -687 -703 -706 -709 -703 -703 -703 -709 -703 -703 -693 -678 -677 -652 -647 -647 -645 -638 -621 -593 -579 -566 -566 -543 -521 -504 -501 -495 -489 -467 -467 -467 -467 -458 -458 -456 -456 -458 -458 -460 -460 -460 -454 -449 -440 -440 -444 -449 -444 -443 -415 -426 -415 -415 -410 -406 -403 -402 -400 -393 -387 -385 -381 -339 
[2017-09-27 16:57:45.896] [cs_Mesh.cpp                    : 231  ] Mesh send: handle=2 length=92, max=92
[2017-09-27 16:57:50.089] [cs_MeshControl.cpp             : 55   ] Process incoming mesh message 268460
[2017-09-27 16:57:58.500] [cs_MeshControl.cpp             : 55   ] Process incoming mesh message 268461
[2017-09-27 16:58:13.628] Irms=343 median=344 filtered=340 filtered_median=342 cZero=-269818
[2017-09-27 16:58:13.646] Current: -153 -157 -165 -166 -170 -172 -174 -179 -179 -183 -195 -213 -226 -227 -229 -228 -236 -248 -247 -254 -260 -260 -274 -280 -292 -312 -325 -315 -318 -322 -336 -343 -344 -348 -358 -364 -360 -370 -378 -375 -380 -381 -390 -386 -376 -384 -394 -396 -394 -383 -380 -383 -385 -375 -373 -374 -371 -366 -362 -356 -355 -339 -329 -323 -318 -317 -310 -307 -299 -296 -292 -289 -277 -270 -259 -236 -228 -233 -231 -226 -218 -207 -209 -203 -198 -192 -187 -182 -179 -175 -170 -167 -157 -162 -164 -158 -151 -149 -161 -161 
[2017-09-27 16:58:13.783] Filtered: -153 -157 -165 -166 -170 -172 -174 -179 -179 -183 -195 -213 -226 -227 -228 -229 -236 -247 -248 -254 -260 -260 -274 -280 -292 -312 -315 -318 -322 -325 -336 -343 -344 -348 -358 -360 -364 -370 -375 -376 -378 -380 -381 -384 -384 -384 -384 -385 -384 -383 -383 -383 -380 -375 -374 -373 -371 -366 -362 -356 -355 -339 -329 -323 -318 -317 -310 -307 -299 -296 -292 -289 -277 -270 -259 -236 -233 -231 -228 -226 -218 -209 -207 -203 -198 -192 -187 -182 -179 -175 -170 -167 -164 -162 -161 -161 -158 -157 -151 -149 
[2017-09-27 16:58:19.514] [cs_MeshControl.cpp             : 55   ] Process incoming mesh message 268462
[2017-09-27 16:58:35.996] [cs_MeshControl.cpp             : 55   ] Process incoming mesh message 268463
[2017-09-27 16:58:44.149] Irms=394 median=345 filtered=388 filtered_median=341 cZero=-268472
[2017-09-27 16:58:44.167] Current: -344 -350 -348 -337 -341 -341 -338 -331 -329 -321 -317 -298 -286 -288 -279 -274 -264 -261 -255 -248 -242 -238 -224 -222 -213 -197 -182 -190 -187 -185 -178 -173 -163 -158 -169 -161 -144 -150 -139 -134 -133 -124 -112 -118 -118 -116 -100  -96 -102 -108 -107 -115 -117 -118 -125 -124 -131 -131 -138 -139 -146 -165 -177 -183 -183 -189 -200 -204 -208 -210 -220 -227 -242 -247 -259 -282 -297 -292 -290 -292 -308 -314 -314 -321 -329 -335 -333 -339 -349 -351 -355 -355 -366 -366 -359 -360 -368 -371 -368 -364 
[2017-09-27 16:58:44.303] Filtered: -344 -344 -344 -341 -341 -338 -337 -331 -329 -321 -317 -298 -288 -286 -279 -274 -264 -261 -255 -248 -242 -238 -224 -222 -213 -197 -190 -187 -185 -182 -178 -173 -169 -163 -161 -158 -150 -144 -139 -134 -133 -124 -118 -118 -116 -112 -112 -112 -115 -115 -115 -115 -117 -118 -124 -125 -131 -131 -138 -139 -146 -165 -177 -183 -183 -189 -200 -204 -208 -210 -220 -227 -242 -247 -259 -282 -290 -292 -292 -297 -308 -314 -314 -321 -329 -333 -335 -339 -349 -351 -355 -355 -359 -360 -364 -364 -364 -364 -360 -359 
[2017-09-27 16:58:47.615] [cs_Mesh.cpp                    : 231  ] Mesh send: handle=2 length=92, max=92
[2017-09-27 16:58:56.893] [cs_MeshControl.cpp             : 55   ] Process incoming mesh message 268465
[2017-09-27 16:59:01.787] [cs_MeshControl.cpp             : 55   ] Process incoming mesh message 268466
[2017-09-27 16:59:10.911] [cs_MeshControl.cpp             : 55   ] Process incoming mesh message 268467
[2017-09-27 16:59:14.690] Irms=339 median=341 filtered=336 filtered_median=338 cZero=-269107
[2017-09-27 16:59:14.708] Current: -329 -326 -319 -313 -309 -310 -302 -297 -294 -287 -276 -275 -259 -237 -236 -240 -239 -226 -220 -214 -207 -206 -199 -196 -185 -183 -178 -181 -175 -163 -163 -170 -166 -161 -156 -161 -163 -167 -166 -168 -164 -173 -172 -178 -176 -177 -183 -189 -209 -216 -227 -220 -230 -233 -241 -245 -250 -252 -261 -271 -275 -282 -307 -316 -324 -323 -321 -332 -345 -346 -348 -352 -355 -364 -369 -372 -378 -381 -383 -392 -389 -387 -380 -396 -399 -389 -389 -380 -387 -377 -379 -375 -376 -371 -371 -369 -362 -357 -342 -331 
[2017-09-27 16:59:14.845] Filtered: -329 -326 -319 -313 -310 -309 -302 -297 -294 -287 -276 -275 -259 -240 -239 -237 -236 -226 -220 -214 -207 -206 -199 -196 -185 -183 -181 -178 -175 -170 -166 -163 -163 -163 -163 -164 -166 -166 -166 -167 -168 -172 -173 -176 -177 -178 -183 -189 -209 -216 -220 -227 -230 -233 -241 -245 -250 -252 -261 -271 -275 -282 -307 -316 -321 -323 -324 -332 -345 -346 -348 -352 -355 -364 -369 -372 -378 -380 -381 -383 -387 -389 -389 -389 -389 -387 -387 -380 -380 -379 -377 -376 -375 -371 -371 -369 -362 -357 -342 -331 
[2017-09-27 16:59:29.390] [cs_MeshControl.cpp             : 55   ] Process incoming mesh message 268468
[2017-09-27 16:59:45.150] Irms=434 median=344 filtered=430 filtered_median=340 cZero=-263505
[2017-09-27 16:59:45.167] Current: -378 -392 -394 -391 -387 -389 -388 -386 -383 -386 -382 -375 -372 -364 -361 -355 -337 -316 -311 -306 -302 -292 -286 -278 -273 -262 -259 -248 -235 -227 -209 -189 -193 -195 -190 -172 -167 -162 -157 -152 -143 -138 -131 -130 -121 -116 -115 -109 -106 -108 -107  -94  -96  -96 -100 -102 -101  -99 -102 -104 -102 -108 -110 -114 -112 -119 -141 -153 -156 -161 -164 -170 -179 -188 -188 -195 -199 -231 -235 -233 -250 -265 -267 -262 -260 -270 -293 -297 -295 -303 -307 -314 -316 -324 -330 -329 -333 -341 -343 -337 
[2017-09-27 16:59:45.304] Filtered: -378 -387 -387 -387 -387 -387 -387 -386 -386 -383 -382 -375 -372 -364 -361 -355 -337 -316 -311 -306 -302 -292 -286 -278 -273 -262 -259 -248 -235 -227 -209 -195 -193 -190 -189 -172 -167 -162 -157 -152 -143 -138 -131 -130 -121 -116 -115 -109 -108 -107 -106 -102 -101 -101 -101 -101 -101 -102 -102 -102 -104 -108 -110 -112 -114 -119 -141 -153 -156 -161 -164 -170 -179 -188 -188 -195 -199 -231 -233 -235 -250 -260 -262 -265 -267 -270 -293 -295 -297 -303 -307 -314 -316 -324 -329 -329 -329 -329 -329 -329 
[2017-09-27 16:59:47.306] [cs_Mesh.cpp                    : 231  ] Mesh send: handle=2 length=92, max=92
[2017-09-27 16:59:50.330] [cs_MeshControl.cpp             : 55   ] Process incoming mesh message 268470
[2017-09-27 17:00:03.823] [cs_MeshControl.cpp             : 55   ] Process incoming mesh message 268471
[2017-09-27 17:00:11.392] [cs_MeshControl.cpp             : 55   ] Process incoming mesh message 268472
[2017-09-27 17:00:15.649] Irms=383 median=349 filtered=378 filtered_median=345 cZero=-270099
[2017-09-27 17:00:15.667] Current: -340 -343 -351 -360 -362 -361 -377 -378 -384 -380 -393 -394 -389 -392 -395 -401 -398 -390 -387 -383 -397 -383 -382 -381 -375 -374 -373 -367 -360 -348 -337 -332 -329 -328 -317 -311 -307 -298 -292 -294 -283 -272 -272 -253 -232 -237 -236 -232 -222 -208 -199 -197 -189 -181 -176 -174 -160 -152 -145 -147 -141 -130 -141 -143 -127 -127 -134 -145 -138 -137 -143 -146 -147 -146 -148 -158 -158 -162 -176 -188 -193 -192 -197 -207 -213 -217 -219 -223 -220 -229 -235 -248 -249 -273 -288 -298 -292 -293 -305 -320 
[2017-09-27 17:00:15.803] Filtered: -340 -343 -351 -360 -361 -362 -377 -378 -380 -384 -389 -392 -392 -392 -392 -393 -392 -390 -390 -387 -383 -383 -382 -381 -375 -374 -373 -367 -360 -348 -337 -332 -329 -328 -317 -311 -307 -298 -294 -292 -283 -272 -272 -253 -237 -236 -232 -232 -222 -208 -199 -197 -189 -181 -176 -174 -160 -152 -147 -145 -143 -141 -141 -141 -138 -138 -138 -141 -143 -143 -145 -146 -146 -147 -148 -158 -158 -162 -176 -188 -192 -193 -197 -207 -213 -217 -219 -220 -223 -229 -235 -248 -249 -273 -288 -288 -288 -288 -288 -288 
[2017-09-27 17:00:29.638] [cs_MeshControl.cpp             : 55   ] Process incoming mesh message 268473
[2017-09-27 17:00:46.149] Irms=346 median=344 filtered=343 filtered_median=339 cZero=-267860
[2017-09-27 17:00:46.167] Current: -381 -389 -396 -390 -391 -392 -391 -387 -392 -382 -380 -384 -380 -372 -373 -368 -356 -341 -332 -332 -334 -323 -316 -312 -306 -305 -296 -295 -278 -279 -260 -240 -237 -236 -240 -231 -220 -213 -211 -206 -202 -195 -189 -183 -181 -177 -175 -172 -161 -165 -166 -160 -160 -163 -161 -160 -160 -168 -167 -168 -173 -172 -175 -181 -179 -186 -194 -210 -224 -224 -224 -229 -232 -236 -249 -254 -254 -264 -276 -280 -293 -310 -320 -320 -319 -329 -334 -345 -348 -349 -354 -358 -368 -369 -377 -379 -378 -382 -390 -385 
[2017-09-27 17:00:46.303] Filtered: -381 -389 -389 -390 -390 -390 -390 -390 -387 -384 -382 -380 -380 -373 -372 -368 -356 -341 -334 -332 -332 -323 -316 -312 -306 -305 -296 -295 -279 -278 -260 -240 -240 -237 -236 -231 -220 -213 -211 -206 -202 -195 -189 -183 -181 -177 -175 -172 -166 -165 -163 -161 -161 -161 -163 -163 -163 -167 -168 -168 -172 -173 -175 -179 -181 -186 -194 -210 -224 -224 -224 -229 -232 -236 -249 -254 -254 -264 -276 -280 -293 -310 -319 -320 -320 -329 -334 -345 -348 -349 -354 -358 -368 -369 -377 -377 -377 -377 -377 -377 
[2017-09-27 17:00:47.231] [cs_Mesh.cpp                    : 231  ] Mesh send: handle=2 length=92, max=92
[2017-09-27 17:00:59.343] [cs_MeshControl.cpp             : 55   ] Process incoming mesh message 268475
[2017-09-27 17:01:06.503] [cs_MeshControl.cpp             : 55   ] Process incoming mesh message 268476
[2017-09-27 17:01:07.227] [cs_MeshControl.cpp             : 55   ] Process incoming mesh message 268477
[2017-09-27 17:01:16.748] Irms=342 median=344 filtered=339 filtered_median=341 cZero=-269858
[2017-09-27 17:01:16.766] Current: -201 -191 -191 -185 -176 -175 -176 -166 -164 -169 -174 -169 -161 -160 -168 -166 -167 -167 -169 -171 -172 -177 -179 -184 -185 -184 -201 -216 -224 -222 -225 -231 -244 -244 -252 -251 -265 -269 -280 -286 -300 -321 -327 -322 -322 -333 -341 -346 -355 -358 -352 -367 -374 -373 -375 -379 -382 -389 -392 -383 -384 -392 -396 -399 -389 -390 -391 -383 -386 -382 -382 -373 -368 -365 -363 -359 -349 -332 -328 -321 -320 -318 -313 -307 -305 -299 -286 -281 -269 -264 -249 -235 -233 -235 -233 -219 -211 -202 -205 -201 
[2017-09-27 17:01:16.903] Filtered: -201 -191 -191 -185 -176 -176 -175 -174 -169 -169 -168 -167 -167 -167 -168 -168 -168 -168 -169 -171 -172 -177 -179 -184 -184 -185 -201 -216 -222 -224 -225 -231 -244 -244 -251 -252 -265 -269 -280 -286 -300 -321 -322 -322 -327 -333 -341 -346 -352 -355 -358 -367 -373 -374 -375 -379 -382 -383 -384 -389 -389 -390 -390 -390 -389 -389 -389 -386 -383 -382 -382 -373 -368 -365 -363 -359 -349 -332 -328 -321 -320 -318 -313 -307 -305 -299 -286 -281 -269 -264 -249 -235 -235 -233 -233 -219 -211 -205 -202 -201 
[2017-09-27 17:01:27.300] [cs_MeshControl.cpp             : 55   ] Process incoming mesh message 268478
[2017-09-27 17:01:46.454] [cs_Mesh.cpp                    : 231  ] Mesh send: handle=2 length=92, max=92
[2017-09-27 17:01:47.267] Irms=359 median=345 filtered=357 filtered_median=342 cZero=-262742
[2017-09-27 17:01:47.285] Current: -193 -204 -195 -191 -182 -181 -176 -178 -171 -166 -162 -158 -153 -148 -145 -144 -142 -148 -146 -135 -136 -141 -141 -140 -144 -146 -148 -151 -156 -155 -156 -162 -166 -171 -189 -197 -206 -209 -211 -214 -220 -224 -234 -243 -248 -254 -266 -274 -298 -310 -306 -300 -305 -325 -331 -336 -336 -341 -344 -347 -355 -360 -362 -370 -368 -369 -375 -370 -374 -382 -380 -380 -377 -377 -375 -373 -368 -361 -364 -365 -363 -357 -353 -342 -328 -323 -316 -312 -313 -304 -297 -291 -290 -281 -279 -263 -267 -252 -239 -227 
[2017-09-27 17:01:47.422] Filtered: -193 -193 -193 -191 -182 -181 -178 -176 -171 -166 -162 -158 -153 -148 -148 -146 -145 -144 -142 -142 -142 -142 -144 -144 -144 -146 -148 -151 -155 -156 -156 -162 -166 -171 -189 -197 -206 -209 -211 -214 -220 -224 -234 -243 -248 -254 -266 -274 -298 -300 -305 -306 -310 -325 -331 -336 -336 -341 -344 -347 -355 -360 -362 -368 -369 -370 -370 -374 -375 -375 -375 -375 -375 -375 -375 -373 -368 -365 -364 -363 -361 -357 -353 -342 -328 -323 -316 -313 -312 -304 -297 -291 -290 -281 -279 -267 -263 -252 -239 -227 
[2017-09-27 17:02:03.898] [cs_MeshControl.cpp             : 55   ] Process incoming mesh message 268480
[2017-09-27 17:02:04.422] [cs_MeshControl.cpp             : 55   ] Process incoming mesh message 268481
[2017-09-27 17:02:07.638] [cs_MeshControl.cpp             : 55   ] Process incoming mesh message 268482
[2017-09-27 17:02:17.965] Irms=342 median=342 filtered=339 filtered_median=339 cZero=-269461
[2017-09-27 17:02:17.983] Current: -265 -266 -259 -240 -222 -225 -235 -227 -215 -206 -204 -198 -198 -193 -186 -184 -172 -171 -166 -168 -161 -160 -164 -158 -148 -151 -154 -152 -155 -152 -157 -160 -160 -167 -168 -168 -174 -179 -182 -199 -214 -215 -214 -223 -230 -230 -242 -244 -252 -252 -263 -268 -276 -296 -315 -315 -311 -315 -328 -335 -339 -345 -341 -353 -354 -365 -364 -371 -370 -380 -383 -379 -379 -378 -389 -389 -384 -382 -380 -383 -378 -376 -369 -371 -368 -361 -359 -352 -355 -340 -326 -324 -325 -315 -312 -306 -303 -295 -291 -285 
[2017-09-27 17:02:18.119] Filtered: -265 -265 -259 -240 -235 -227 -225 -222 -215 -206 -204 -198 -198 -193 -186 -184 -172 -171 -168 -166 -164 -161 -160 -158 -155 -155 -155 -155 -155 -155 -157 -160 -160 -167 -168 -168 -174 -179 -182 -199 -214 -214 -215 -223 -230 -230 -242 -244 -252 -252 -263 -268 -276 -296 -311 -315 -315 -315 -328 -335 -339 -341 -345 -353 -354 -364 -365 -370 -371 -378 -379 -379 -380 -380 -382 -382 -380 -380 -380 -380 -378 -376 -371 -369 -368 -361 -359 -355 -352 -340 -326 -325 -324 -315 -312 -306 -303 -295 -291 -285 
[2017-09-27 17:02:28.157] [cs_MeshControl.cpp             : 55   ] Process incoming mesh message 268483
[2017-09-27 17:02:39.886] Irms=1181 median=347 filtered=411 filtered_median=341 cZero=-266009
[2017-09-27 17:02:39.904] Current: -353 -342 -347 -352 -361 -361 -354 -353 -354 -360 -353 -352 -348 -346 -348 -341 -342 -333 -320 -310 -306 -301 -295 -293 -284 -279 -279 -273 -267 -259 -254 -248 -241 -215 -213 -212 -214 -203 -196 -187 -188 -883 -1257 -1138 -1152 -1267  -86  -84  -86  -83  -81  -88  -91  -83  -77  -82  -88  -86  -94  -94  -96 -100 -104 -108 -113 -117 -117 -123 -137 -148 -166 -160 -166 -176 -183 -190 -198 -200 -211 -214 -229 -235 -254 -269 -280 -274 -274 -286 -298 -298 -311 -312 -319 -320 -326 -331 -1125 -1236 -1395 -585 
[2017-09-27 17:02:40.042] Filtered: -353 -353 -353 -353 -353 -353 -353 -353 -353 -353 -353 -352 -348 -348 -346 -342 -341 -333 -320 -310 -306 -301 -295 -293 -284 -279 -279 -273 -267 -259 -254 -248 -241 -215 -214 -213 -213 -213 -213 -213 -214 -214 -203 -196 -188 -188  -88  -88  -86  -86  -84  -84  -84  -86  -86  -88  -88  -91  -94  -94  -96 -100 -104 -108 -113 -117 -117 -123 -137 -148 -160 -166 -166 -176 -183 -190 -198 -200 -211 -214 -229 -235 -254 -269 -274 -274 -280 -286 -298 -298 -311 -312 -319 -320 -326 -326 -326 -326 -326 -326 
[2017-09-27 17:02:40.252] Irms=1080 median=347 filtered=1085 filtered_median=342 cZero=-292006
[2017-09-27 17:02:40.271] Current: -794 -724 -754 -768 -760 -814 -656 -722 -693 -720 -697 -715 -737 -707 -670 -687 -661 -612 -676 -620 -628 -517 -491 -468 -404 -429 -663 -575 -581 -638 -677 -583 -602 -627 -575 -654 -445 -340 -368 -342 -404 -555 -502 -579 -507 -551 -505 -466 -563 -510 -470 -521 -485 -551 -400 -469 -444 -467 -436 -488 -474 -511 -469 -437 -448 -417 -410 -321 -349 -410 -411 -420 -412 -417 -390 -467 -451 -433 -454 -471 -413 -407 -460 -477 -427 -436 -428 -419 -408 -420 -407 -416 -447 -427 -469 -492 -435 -463 -423 -462 
[2017-09-27 17:02:40.407] Filtered: -794 -794 -768 -760 -754 -724 -722 -722 -720 -715 -707 -697 -697 -693 -687 -676 -670 -661 -628 -620 -612 -612 -575 -575 -575 -575 -575 -581 -583 -583 -602 -602 -583 -583 -583 -575 -555 -502 -502 -502 -502 -502 -502 -505 -507 -507 -510 -507 -510 -507 -505 -485 -470 -470 -470 -470 -474 -469 -469 -467 -467 -448 -448 -437 -437 -417 -417 -412 -412 -411 -411 -411 -412 -417 -420 -420 -420 -433 -451 -451 -451 -436 -433 -428 -427 -420 -420 -427 -427 -427 -427 -427 -427 -427 -435 -435 -435 -435 -427 -423 
[2017-09-27 17:02:44.412] Irms=1054 median=343 filtered=881 filtered_median=340 cZero=-267161
[2017-09-27 17:02:44.430] Current: -383 -385 -995 -1020 -1144 -1225 -1053 -857 -741 -650 -1323 -364 -220 -214 -221 -213 -210 -209 -205 -202 -201 -192 -191 -182 -174 -156 -143 -146 -152 -151 -141 -130 -137 -133 -124 -124 -118 -115 -110 -105 -110 -107 -102  -99 -106 -104  -98  -98 -105 -105 -110 -113 -108 -113 -116 -129 -124 -131 -128 -136 -140 -167 -175 -173 -179 -185 -192 -196 -204 -209 -215 -229 -235 -236 -256 -272 -286 -289 -287 -290 -308 -311 -314 -319 -324 -329 -335 -341 -344 -356 -354 -359 -362 -362 -356 -361 -363 -369 -365 -360 
[2017-09-27 17:02:44.568] Filtered: -383 -385 -857 -857 -857 -995 -995 -995 -857 -741 -650 -364 -221 -220 -214 -213 -210 -209 -205 -202 -201 -192 -191 -182 -174 -156 -152 -151 -146 -143 -141 -137 -133 -130 -124 -124 -118 -115 -110 -110 -107 -106 -105 -105 -105 -105 -105 -105 -105 -106 -108 -110 -113 -113 -116 -124 -128 -129 -131 -136 -140 -167 -173 -175 -179 -185 -192 -196 -204 -209 -215 -229 -235 -236 -256 -272 -286 -287 -289 -290 -308 -311 -314 -319 -324 -329 -335 -341 -344 -354 -356 -356 -359 -361 -361 -361 -361 -361 -360 -356 
[2017-09-27 17:02:44.724] Irms=1004 median=344 filtered=844 filtered_median=341 cZero=-267899
[2017-09-27 17:02:44.742] Current: -396 -402 -401 -1102 -899 -756 -1026 -683 -946 -966 -1111 -1234 -480 -220 -231 -227 -214 -219 -217 -204 -207 -204 -197 -190 -181 -168 -154 -158 -162 -157 -149 -145 -140 -143 -139 -131 -125 -121 -120 -117 -112 -111 -106 -102 -115 -110 -103 -104 -107 -107 -109 -110 -110 -118 -122 -127 -126 -137 -136 -138 -142 -161 -172 -187 -181 -187 -198 -204 -204 -212 -219 -227 -233 -240 -253 -270 -287 -294 -290 -286 -306 -312 -312 -314 -326 -329 -332 -339 -345 -352 -351 -360 -360 -363 -355 -359 -362 -373 -366 -362 
[2017-09-27 17:02:44.880] Filtered: -396 -401 -402 -683 -756 -899 -946 -946 -946 -899 -756 -683 -480 -231 -227 -220 -219 -217 -214 -207 -204 -204 -197 -190 -181 -168 -162 -158 -157 -154 -149 -145 -143 -140 -139 -131 -125 -121 -120 -117 -115 -112 -111 -110 -107 -107 -107 -107 -109 -110 -110 -110 -110 -118 -122 -126 -127 -136 -137 -138 -142 -161 -172 -181 -187 -187 -198 -204 -204 -212 -219 -227 -233 -240 -253 -270 -286 -287 -290 -294 -306 -312 -312 -314 -326 -329 -332 -339 -345 -351 -352 -355 -359 -360 -360 -360 -360 -360 -359 -355 
[2017-09-27 17:02:45.017] [cs_Mesh.cpp                    : 231  ] Mesh send: handle=2 length=92, max=92
[2017-09-27 17:02:49.625] Irms=359 median=340 filtered=357 filtered_median=338 cZero=-269875
[2017-09-27 17:02:49.642] Current: -320 -316 -315 -313 -310 -304 -296 -296 -287 -287 -279 -271 -259 -236 -231 -233 -238 -223 -214 -206 -200 -199 -188 -178 -168 -164 -158 -157 -144 -142 -134 -140 -137 -125 -127 -126 -121 -131 -128 -129 -133 -147 -142 -142 -145 -155 -161 -152 -170 -185 -184 -188 -194 -202 -212 -214 -216 -231 -234 -238 -251 -270 -289 -296 -295 -291 -298 -312 -322 -323 -323 -333 -338 -347 -354 -352 -357 -361 -368 -374 -365 -365 -368 -372 -374 -369 -369 -365 -365 -362 -361 -361 -354 -348 -349 -348 -347 -331 -318 -316 
[2017-09-27 17:02:49.779] Filtered: -320 -316 -315 -313 -310 -304 -296 -296 -287 -287 -279 -271 -259 -238 -236 -233 -231 -223 -214 -206 -200 -199 -188 -178 -168 -164 -158 -157 -144 -142 -140 -137 -134 -131 -129 -129 -129 -129 -129 -131 -133 -142 -142 -145 -147 -152 -155 -161 -170 -184 -185 -188 -194 -202 -212 -214 -216 -231 -234 -238 -251 -270 -289 -291 -295 -296 -298 -312 -322 -323 -323 -333 -338 -347 -352 -354 -357 -361 -365 -365 -368 -368 -368 -368 -368 -365 -365 -365 -365 -362 -361 -361 -354 -349 -348 -348 -347 -331 -318 -316 
[2017-09-27 17:02:56.696] [cs_MeshControl.cpp             : 55   ] Process incoming mesh message 268485
[2017-09-27 17:02:58.449] [cs_MeshControl.cpp             : 55   ] Process incoming mesh message 268486
[2017-09-27 17:03:02.223] Irms=1537 median=345 filtered=1405 filtered_median=343 cZero=-288240
[2017-09-27 17:03:02.241] Current: -122 -130 -137 -123 -123 -120 -122 -129 -129 -137 -138 -139 -1177 -955 -817 -842 -746 -104 -121 -133 -136 -145 -149 -161 -165 -172 -183 -185 -191 -200 -212 -221 -236 -250 -261 -263 -261 -273 -286 -292 -296 -299 -303 -312 -317 -322 -327 -989 -948 -926 -910 -956 -889 -933 -908 -909 -879 -856 -886 -858 -828 -879 -761 -784 -798 -776 -732 -772 -711 -684 -691 -636 -624 -666 -713 -655 -644 -680 -684 -721 -688 -648 -664 -604 -640 -641 -662 -565 -491 -672 -597 -615 -601 -618 -529 -515 -450 -510 -558 -506 
[2017-09-27 17:03:02.378] Filtered: -122 -122 -122 -123 -123 -129 -129 -129 -129 -137 -138 -139 -139 -139 -139 -139 -145 -149 -149 -149 -149 -149 -149 -161 -165 -172 -183 -185 -191 -200 -212 -221 -236 -250 -261 -261 -263 -273 -286 -292 -296 -299 -303 -312 -317 -322 -327 -889 -910 -910 -910 -910 -910 -909 -908 -889 -886 -879 -879 -858 -856 -828 -798 -784 -776 -772 -761 -732 -711 -711 -691 -684 -680 -680 -680 -680 -666 -666 -666 -664 -655 -662 -662 -648 -648 -641 -640 -615 -615 -615 -601 -597 -565 -558 -558 -529 -515 -510 -506 -450 
[2017-09-27 17:03:02.583] Irms=1243 median=432 filtered=1076 filtered_median=345 cZero=-303165
[2017-09-27 17:03:02.601] Current: -116 -121 -786 -787 -815 -790 -816  -65  -75  -84  -86  -84 -778 -761 -734 -684 -682 -703 -758 -700 -664 -752 -672 -751 -677 -737 -668 -694 -640 -668 -630 -716 -694 -638 -609 -604 -698 -442 -409 -461 -498 -558 -405 -444 -554 -446 -659  -47  -59  -69  -68  -73 -379 -428 -482 -492 -406 -418 -474 -615 -498 -548 -605 -575 -621 -568 -675 -539 -471 -402 -396 -296 -549 -527 -468 -561 -513 -454 -510 -517 -465 -430  150  143  134  130  133 -516 -494 -431 -493 -486 -545 -499 -476 -376 -434 -521 -437 -435 
[2017-09-27 17:03:02.738] Filtered: -116 -121 -121 -121 -121 -121 -121 -778 -761 -734 -684 -682 -682 -684 -700 -700 -703 -703 -703 -700 -700 -700 -700 -694 -677 -672 -677 -677 -677 -668 -668 -668 -640 -638 -630 -609 -604 -558 -498 -498 -461 -461 -446 -446 -446 -444 -405 -379 -379 -379 -379 -379 -379 -406 -418 -428 -474 -482 -492 -498 -548 -568 -568 -568 -568 -548 -548 -549 -539 -527 -527 -513 -471 -471 -510 -510 -510 -510 -468 -465 -454 -430 -430 -430 -430 -430 -430 -431 -486 -486 -486 -486 -493 -486 -476 -476 -437 -435 -434 -376 
[2017-09-27 17:03:07.906] [cs_MeshControl.cpp             : 55   ] Process incoming mesh message 268487
[2017-09-27 17:03:20.644] Irms=341 median=341 filtered=339 filtered_median=339 cZero=-269004
[2017-09-27 17:03:20.661] Current: -371 -373 -366 -373 -371 -364 -367 -360 -359 -354 -342 -329 -327 -323 -318 -312 -304 -305 -300 -290 -285 -273 -272 -262 -244 -229 -228 -234 -224 -220 -210 -207 -204 -201 -194 -190 -187 -179 -177 -170 -163 -161 -165 -163 -159 -155 -151 -159 -157 -161 -163 -158 -164 -163 -169 -168 -174 -174 -177 -182 -205 -213 -216 -220 -223 -235 -238 -240 -251 -256 -259 -267 -277 -284 -300 -321 -321 -316 -319 -328 -336 -346 -346 -354 -354 -362 -367 -368 -378 -377 -381 -387 -389 -385 -387 -385 -390 -389 -383 -385 
[2017-09-27 17:03:20.798] Filtered: -371 -371 -371 -371 -367 -366 -364 -360 -359 -354 -342 -329 -327 -323 -318 -312 -305 -304 -300 -290 -285 -273 -272 -262 -244 -234 -229 -228 -224 -220 -210 -207 -204 -201 -194 -190 -187 -179 -177 -170 -165 -163 -163 -161 -161 -161 -159 -159 -159 -159 -161 -163 -163 -164 -168 -169 -174 -174 -177 -182 -205 -213 -216 -220 -223 -235 -238 -240 -251 -256 -259 -267 -277 -284 -300 -316 -319 -321 -321 -328 -336 -346 -346 -354 -354 -362 -367 -368 -377 -378 -381 -385 -385 -385 -385 -385 -385 -385 -385 -383 
[2017-09-27 17:03:30.025] [cs_MeshControl.cpp             : 55   ] Process incoming mesh message 268488
[2017-09-27 17:03:40.419] [cs_Mesh.cpp                    : 231  ] Mesh send: handle=2 length=92, max=92
[2017-09-27 17:03:51.183] Irms=340 median=340 filtered=336 filtered_median=336 cZero=-271393
[2017-09-27 17:03:51.201] Current: -280 -272 -261 -247 -230 -229 -241 -236 -224 -220 -214 -204 -205 -198 -193 -186 -178 -181 -176 -172 -165 -166 -168 -164 -154 -160 -152 -161 -164 -163 -162 -166 -168 -170 -172 -179 -176 -181 -188 -208 -218 -222 -224 -230 -230 -239 -243 -251 -257 -262 -269 -281 -290 -312 -323 -316 -312 -332 -333 -340 -346 -346 -357 -363 -363 -364 -375 -378 -379 -386 -391 -384 -379 -383 -394 -390 -390 -388 -388 -382 -383 -374 -375 -377 -373 -364 -366 -365 -349 -336 -327 -325 -324 -318 -312 -304 -299 -299 -293 -286 
[2017-09-27 17:03:51.338] Filtered: -280 -272 -261 -247 -241 -236 -230 -229 -224 -220 -214 -205 -204 -198 -193 -186 -181 -178 -176 -172 -168 -166 -165 -164 -164 -163 -163 -163 -163 -163 -164 -166 -168 -170 -172 -176 -179 -181 -188 -208 -218 -222 -224 -230 -230 -239 -243 -251 -257 -262 -269 -281 -290 -312 -312 -316 -323 -332 -333 -340 -346 -346 -357 -363 -363 -364 -375 -378 -379 -379 -383 -384 -386 -388 -388 -388 -384 -383 -383 -383 -382 -377 -375 -374 -373 -366 -365 -364 -349 -336 -327 -325 -324 -318 -312 -304 -299 -299 -293 -286 
[2017-09-27 17:03:51.475] [cs_MeshControl.cpp             : 55   ] Process incoming mesh message 268490
[2017-09-27 17:03:53.170] [cs_MeshControl.cpp             : 55   ] Process incoming mesh message 268491
[2017-09-27 17:04:04.180] [cs_MeshControl.cpp             : 55   ] Process incoming mesh message 268492
[2017-09-27 17:04:21.646] Irms=345 median=348 filtered=343 filtered_median=347 cZero=-264087
[2017-09-27 17:04:21.664] Current: -146 -148 -150 -155 -155 -157 -159 -167 -163 -169 -177 -179 -175 -176 -195 -210 -218 -218 -223 -223 -232 -241 -245 -252 -259 -265 -274 -282 -292 -308 -318 -318 -319 -330 -339 -344 -343 -342 -353 -360 -366 -371 -367 -378 -379 -381 -380 -378 -380 -386 -388 -389 -384 -384 -380 -380 -375 -375 -377 -371 -370 -363 -360 -358 -343 -328 -321 -319 -318 -316 -305 -305 -297 -288 -282 -282 -276 -266 -250 -233 -229 -228 -227 -221 -206 -201 -206 -201 -194 -184 -188 -177 -173 -174 -172 -160 -160 -166 -161 -158 
[2017-09-27 17:04:21.800] Filtered: -146 -148 -150 -155 -155 -157 -159 -163 -167 -169 -175 -176 -177 -179 -195 -210 -218 -218 -223 -223 -232 -241 -245 -252 -259 -265 -274 -282 -292 -308 -318 -318 -319 -330 -339 -342 -343 -344 -353 -360 -366 -367 -371 -378 -378 -379 -380 -380 -381 -381 -381 -380 -380 -380 -380 -380 -377 -375 -375 -371 -370 -363 -360 -358 -343 -328 -321 -319 -318 -316 -305 -305 -297 -288 -282 -282 -276 -266 -250 -233 -229 -228 -227 -221 -206 -206 -201 -201 -194 -188 -184 -177 -174 -173 -172 -166 -161 -160 -160 -158 
[2017-09-27 17:04:24.396] [cs_MeshControl.cpp             : 55   ] Process incoming mesh message 268493
